FNGZIPU0 91 8 1103811.96
PI2ZIPU0 91 8 1103811.43       12.71ES 1
CRWZIPU0 91 8 1103812.29
FNGZIPU0 91 8 11044 6.41
QADZEPU1 91 8 11044 5.89
BUGZEPU1 91 8 11044 4.65
CABZEPU1 91 8 11044 7.04
CABNEP 4 91 8 11044 8.16       12.93ES 1
10
FNGZIPU0 91 8 8 716 2.99        4.24IS?1
QADZIPU0 91 8 8 716 3.97
FNGZIPU0 91 8 8 72310.37
QADZIPU0 91 8 8 72311.36
PI2ZIPU0 91 8 8 72310.40       11.87IS?1
PI2LIPU0 91 8 8 72310.40       11.90ES?2
CRWZIPU0 91 8 8 72311.43
BUGZIPU0 91 8 8 72311.25       13.10IS?1
CABZIPD0 91 8 8 72311.32       14.15IS?1
CABNEP?1 91 8 8 72311.42       13.73IS?1
10
FNGZEP?1 91 8 9 33423.02
QADZEP?2 91 8 9 33423.73
FNGZIPU0 91 8 9 33445.25
QADZEPU0 91 8 9 33446.15
PI2ZIPU0 91 8 9 33445.72                                               17.8
CRWZIPU0 91 8 9 33446.69
BUGZEP?0 91 8 9 33446.09       47.78ES?2                               12.9
CABZIPU0 91 8 9 33446.63
CABN P 5 91 8 9 33444.38       48.87ES?2
10
FNGZEPU2 91 81221 115.50
QADZEPU1 91 81221 115.82
PI2ZEPU0 91 81221 115.99
CRWZEPU  91 81221 116.43
FNGZEPU1 91 81221 2 5.23        6.24ESU1                                9.5
QADZEPU1 91 81221 2 6.00                                               11.9
PI2ZEPD1 91 81221 2 5.35        7.47ESD1                               12.1
CRWZIPU1 91 81221 2 6.10                                               12.3
10
FNGZEP-0 91 816174715.24       19.10ISU1                               22.5
QADZIPU0 91 816174714.99       17.59ISU0                               28.0
PI2LEPD0 91 816174715.29       18.03ISD1                               26.1
CRWZEP+1 91 816174714.94       18.20ISD2                               24.4
BUGZEP-0 91 816174714.34       15.73ISU1                               26.4
CABZEP+0 91 816174716.24                                               28.9
CABN P 5 91 816174716.33       20.23ISU0
1
FNGZIPU0 91 816175713.52       16.45ISU1                               22.6
QADZIPD2 91 816175714.17
PI2ZEPD0 91 816175712.53       15.13ISD1                               19.6
CRWZIPU0 91 816175711.77       14.00ISU1                               21.6
BUGZ P 0 91 816175713.21       16.39ISU1                               22.6
CABZIPD0 91 816175713.56                                               26.4
CABNEPD5 91 816175713.55       17.36ISU1
10
QADZIPU0 91 816235652.89                                                9.8
PI2ZIPD0 91 816235623.50                                               14.2
CRWZEPD0 91 816235623.25                                                9.8
CABZIPD0 91 816235624.46                                                8.5
CABN P 5 91 816235624.52       28.28ISD0
10
PI2ZEP+0 91 818 952 4.74        6.30ISU1                               14.5
CRWZIPU0 91 818 952 5.69                                               10.1
BUGZEP?1 91 818 952 5.16        6.83ISD1                               12.6
CABZIPD1 91 818 9 5.57        7.75ISD3                               19.2
CABN P 5 91 818 952 5.28        8.19ISU0
10
QADZIPU0 91 820215735.81                                               36.6
PI2ZIPD0 91 820215735.82                                               48.7
CRWZIPD0 91 820215735.56                                               36.6
BUGZIPD0 91 820215735.16       36.49 S 0                               53.6
CABZIPD0 91 820215736.81                                               51.0


QADZ P   91 82023 742.72
PI2ZIPD0 91 82023 742.31       45.58ISU0                               37.5
PI2LIPD0 91 82023 742.33       45.58ISU1                               32.6
CRWZIPD0 91 82023 742.12       44.84ISD1                               28.8
BUGZEPD1 91 82023 741.72       44.09ISD1
CABZIPD0 91 82023 743.28                                               25.6
CABNEPD4 91 82023 743.29       47.03ESU1
10
FNGZEP-0 91 7 112 1 9.28       10.37IS 1                               18.4
QADZIP-0 91 7 112 110.15                                               19.5
PI2ZIPU0 91 7 112 1 9.46       11.48IS 1                               18.1
CRWZIPU0 91 7 112 110.33       12.81IS 1                               24.9
CABZIP-0 91 7 112 110.36       12.77IS 1                               24.0

FNGZIPD0 91 7 2 02051.98       55.39ISD1                               15.6
PI2LIPD0 91 7 2 02051.75       55.05ISD1                               16.6
CRWZIPD0 91 7 2 02051.47                                               18.0
CABZIPU0 91 7 2 02052.72       56.35ESU0                               24.1
10
FNGZ P 0 91 7 3 817 3.17
FNGZ P 0 91 7 3 81758.74
QADZ P 0 91 7 3 81759.26
PI2Z P 0 91 7 3 81759.49
FNGZ P 0 91 7 3 817 3.18
PI2Z P 0 91 7 3 817 3.36        6.49 S 3
CRWZ P 0 91 7 3 817 3.17
BUGZ P 0 91 7 3 817 2.35        4.25 S 3
CABZ P 0 91 7 3 817 4.31                                               16.1
10
FNGZIPD0 91 7 32122 3.28                                               19.2
QADZIP+0 91 7 32122 3.96                                               24.3
PI2ZIPU0 91 7 32122 3.69                                               25.8
CRWZIPD0 91 7 32122 4.39        6.75IS 1
FNGZ P 0 91 7 41320 7.48
QADZ P 0 91 7 41320 7.82
PI2Z P 0 91 7 41320 8.10
CRWZ P 0 91 7 41320 8.66
BUGZ P 0 91 7 41320 7.24
CABZ P 0 91 7 41320 9.27
10
FNGZ P 0 91 7 522 859.48
DONZ P 0 91 7 522 854.99
PI2Z P 0 91 7 522 857.76
FNGZ P 0 91 7 522 959.35
DONZ     91 7 522 9            58.36 S 2
CRWZ P 0 91 7 522 957.91
CABZ P 0 91 7 522 958.06                                               27.1
CABN P 4 91 7 522 958.34       63.01 S 1
10
FNGZIPU0 91 710 35843.18
QADZIPU0 91 710 35844.71
FNGZIPU0 91 710 4 137.44
QADZEP 1 91 710 4 137.48
PI2ZEPD1 91 710 4 138.39
PI2LEPD1 91 710 4 138.41
CRWZEPU1 91 710 4 134.11
BUGZEPD1 91 710 4 136.27
CABZIPD0 91 710 4 140.28
10
FNGZIP   91 711115346.53
QADZEP 1 91 711115347.14       48.80ES 2
FNGZIPD0 91 711115935.86       37.53ES 2
PI2ZEP 1 91 711115936.39       37.76ES 2
CRWZEPU1 91 711115936.60                                               21.9
BUGZIPD0 91 711115935.42       36.64ES 2                               15.3
CABZIPD0 91 711115937.50
CABZIPD0 91 711115937.51
10
FNGZIPD1 91 711213045.82
QADZEP?1 91 711213046.21
PI2ZIPU0 91 711213046.56
FNGZEPU1 91 711214540.20
QADZIPU0 91 711214540.96
PI2ZEPU0 91 711214540.62
BUGZEPU0 91 711214540.89
10
FNGZEP?2 91 712103519.67
QADZEP?2 91 712103520.65
PI2ZIPU0 91 712103520.12
PI2LIPU0 91 712103520.12       21.34ES?2
CRWZEPU1 91 712103521.07
BUGZEPU0 91 712103520.56       22.23ES?1
CABZIP?0 91 712103521.01
FNGZIPU0 91 7121040 9.33       10.60ES?2
QADZEPU0 91 712104010.33
PI2ZIPU0 91 7121040 9.19       10.29ES?2
PI2LIPU0 91 7121040 9.16       10.33ES?2
CRWZIPU0 91 712104010.20
CABZEP?2 91 7121040 9.48
CABNIP?3 91 7121040 9.58
10
FNGZIPD0 91 721 3 320.87                                               24.2
QADZIP+0 91 721 3 321.55                                               28.9
PI2ZIPD0 91 721 3 321.29                                               32.7
CRWZEPD0 91 721 3 321.77       25.21IS 1                               27.5
BUGZIPU0 91 721 3 321.70       23.74IS 0                               31.7
CABZIPD0 91 721 3 321.65                                               39.9
CABN P 4 91 721 3 321.77       24.78IS 1
10
PI2ZIPD0 91 721 33211.01
CRWZEPD0 91 721 33211.53
BUGZIPD0 91 721 33211.21
CABZEPU0 91 721 33211.20
CABN P 4 91 721 33211.44       14.30 S 1
10
FNGZEPU1 91 723151040.32       41.43ES 2
PI2ZIPU0 91 723151038.68
CRWZEPU0 91 723151037.59                                               17.8
BUGZEPD1 91 723151040.94
CABZEPD2 91 723151039.58
FNGZEPU1 91 723152138.77       40.86ES 2
QADZEPU1 91 723152139.44       41.51ES 1
PI2ZEPU1 91 723152138.82
CRWZIPU0 91 723152139.47
BUGZEPU1 91 723152139.22       41.09ES 2
10
QADZIPU0 91 72614 015.07                                               22.5
PI2ZEPU0 91 72614 018.35       19.72ISU4                               26.3
CRWZIPU0 91 72614 018.39                                               23.4
BUGZIPU0 91 7261014.78       15.96ISU4                               21.2
10
FNGZEPD1 91 72918 8 9.63
QADZEPD1 91 72918 813.33
FNGZEPD1 91 72918 753.28
QADZEPD1 91 72918 754.02
PI2ZEPU1 91 72918 753.48
CRWZIPU0 91 72918 751.21
BUGZEPD1 91 72918 753.45
CABZEPD1 91 72918 752.54
10
FNGZIPU0 91 731 62343.46
QADZIPU0 91 731 62344.23
PI2ZIPD0 91 731 62343.63                                               13.0
CRWZIPD0 91 731 62341.07       44.34ISU0
BUGZIPU0 91 731 62843.56       44.71ISU0                               14.6
CABZIPU1 91 731 62847.21
CABN P 4 91 731 62847.69       51.96 S+0
10
GRNZEP+2 910530154826.85
UBOZEPD2 910530154826.48
PIEZIPD0 910530154827.54                                              00017
PPOZEPD0 910530154825.90
PPON P 410530154826.01       26.66 S 0
BUGZIPU0 910530154827.01       28.78 S 0                              00012
10
